=== RandomForestClassifier Evaluation ===
Accuracy:  0.96407
Precision: 0.96457
Recall:    0.96407
F1 Score:  0.96418
